450000 2000000 2400000 900000
961  0.0 0.1 1 1 2
0  0  1  0  0  1  1  1  
0.533333333333  0.0333333333333  1  0.833333333333  0.1  0  0.0333333333333  0.1  
0.766666666667  0.566666666667  0.8  0.6  0.0333333333333  0.5  0.533333333333  0.566666666667  
0.433333333333  0.7  0.333333333333  0  0.366666666667  0  0.166666666667  0.3  
0.266666666667  0  0.433333333333  0.2  0.5  0  0.7  0.566666666667  
0.8  0.1  0.333333333333  0.866666666667  0.533333333333  0.433333333333  0.866666666667  0.866666666667  
0.7  0  0.966666666667  0.3  0.466666666667  0.566666666667  0.8  0  
0.233333333333  0.633333333333  0.366666666667  0.1  0.566666666667  0.333333333333  0.166666666667  0.7  
0.966666666667  0.433333333333  0.0333333333333  0.866666666667  0.866666666667  0.933333333333  0.0666666666667  0.0333333333333  
0.1  0.0333333333333  0.566666666667  0.166666666667  0.2  0.7  0.833333333333  0.0666666666667  
0.233333333333  0.0333333333333  0.766666666667  1  0.8  0.2  0.266666666667  0.0666666666667  
0.366666666667  0.0333333333333  0.433333333333  0.733333333333  0.566666666667  0.2  0.6  0.233333333333  
0.9  0.466666666667  0.0333333333333  0  0.533333333333  0.166666666667  0.233333333333  0.533333333333  
0.2  0  1  0.566666666667  0.8  0.966666666667  0.8  0.766666666667  
0.2  0.533333333333  0.633333333333  0.633333333333  0.966666666667  0.266666666667  0.2  0.1  
0.733333333333  0.766666666667  0.933333333333  0.7  0.133333333333  0.6  0.6  0.3  
0.266666666667  0.1  0.533333333333  0.866666666667  0.0666666666667  0.0666666666667  0.766666666667  0.5  
0.3  0.0333333333333  0.833333333333  0.333333333333  0.266666666667  0.9  0.866666666667  0.433333333333  
0.666666666667  0.566666666667  0.6  0.0333333333333  0.266666666667  0.6  0.7  0.0666666666667  
0.333333333333  0.133333333333  0.1  0.2  0.3  0.8  0.0666666666667  0.5  
0.466666666667  0.966666666667  0.733333333333  0.933333333333  0.0333333333333  0.833333333333  0.2  0.833333333333  
0.833333333333  0.3  0.166666666667  0.233333333333  0  0.166666666667  0.766666666667  0.0666666666667  
0.4  0.266666666667  0.933333333333  0.9  0.866666666667  0.0666666666667  0.9  0.0666666666667  
0.933333333333  0.0666666666667  0.633333333333  0.766666666667  0.133333333333  0.8  0  0.1  
0.733333333333  0.266666666667  0.333333333333  0.6  0.266666666667  0.966666666667  0.5  0.6  
0.733333333333  0.833333333333  0.233333333333  1  0.466666666667  0  0.466666666667  0.733333333333  
0.0666666666667  0.466666666667  0.833333333333  0.9  0.266666666667  0.8  0.1  0.133333333333  
0.8  0.466666666667  0.633333333333  0.366666666667  0.233333333333  0.933333333333  0.533333333333  0.1  
0.0333333333333  0.433333333333  0.1  0.166666666667  0.633333333333  0.1  0.866666666667  0.133333333333  
0.9  0.433333333333  0.166666666667  0.533333333333  0.7  0.366666666667  0.566666666667  0  
0.866666666667  0.466666666667  0.5  0.9  0.0333333333333  0.766666666667  0.933333333333  0.1  
0.8  0.166666666667  0.0333333333333  0.933333333333  0.366666666667  0.7  0.2  0.4  
0.0333333333333  0.266666666667  0.4  0.1  0.7  0.8  0.4  0.933333333333  
0  0.866666666667  0.766666666667  0.6  0.366666666667  0.633333333333  0  0.766666666667  
0.3  0.366666666667  0.9  0.766666666667  0.2  0.8  0.233333333333  0.333333333333  
0.9  0.3  0.266666666667  0.833333333333  0.433333333333  0.233333333333  0.0666666666667  0.7  
0.0666666666667  0.866666666667  0.7  0.133333333333  0.333333333333  0.533333333333  0.966666666667  0.8  
0.133333333333  0.266666666667  0.766666666667  0.133333333333  0.166666666667  0.2  0.4  0.733333333333  
0.0666666666667  0.2  0.2  0.733333333333  0  0.0666666666667  0.5  0.933333333333  
0.766666666667  0.166666666667  0.266666666667  0.633333333333  0.933333333333  0.0333333333333  0.0666666666667  0.166666666667  
0.4  0.3  0.133333333333  0.166666666667  0.8  0.533333333333  0.2  0.166666666667  
0.8  0.366666666667  0.266666666667  0.166666666667  0.6  0.9  0  0.4  
0.0666666666667  0  0.333333333333  0.633333333333  0.433333333333  0.166666666667  0.466666666667  0.166666666667  
0.633333333333  0.8  0.933333333333  0.966666666667  0.6  0.166666666667  0.933333333333  0.4  
0.366666666667  0.0666666666667  0.9  0.533333333333  0  0.6  0.733333333333  0.166666666667  
0.333333333333  1  0.366666666667  0.866666666667  0.3  0.766666666667  0.866666666667  0.4  
0.9  0.166666666667  0.9  0.7  0.966666666667  0.166666666667  0.9  0.966666666667  
0.3  0.233333333333  0  0.466666666667  0.366666666667  0.833333333333  0.366666666667  0.533333333333  
0.566666666667  0.5  0.533333333333  0  0.833333333333  0.566666666667  0.233333333333  0.2  
0.5  0.4  0.266666666667  0.333333333333  0.5  0.0666666666667  1  0.0666666666667  
0.933333333333  0.533333333333  0.0666666666667  0.666666666667  0.1  0.966666666667  0.133333333333  0.7  
0.5  0.333333333333  0.5  0.733333333333  0.9  0.133333333333  0.433333333333  0.333333333333  
0.633333333333  0.566666666667  0.133333333333  0.366666666667  0.733333333333  0.2  0.233333333333  0.3  
0.866666666667  1  0.333333333333  0.366666666667  0.366666666667  0.433333333333  0.466666666667  0.466666666667  
0.333333333333  0.4  0.2  0.9  1  0.2  0.0333333333333  0.7  
0.866666666667  0.166666666667  0.366666666667  0.4  0.366666666667  0.566666666667  0.666666666667  0.466666666667  
0.333333333333  0.233333333333  0.333333333333  0.933333333333  0.666666666667  0.233333333333  0.133333333333  0.566666666667  
0.633333333333  0.933333333333  0.4  0.9  0.366666666667  0.233333333333  0.7  0.466666666667  
0.966666666667  0.1  0.7  0.866666666667  1  0.866666666667  0.8  0.8  
0.866666666667  0.333333333333  0.466666666667  0.0333333333333  0.5  0.133333333333  0.766666666667  0.7  
0.666666666667  0.2  0.966666666667  0.933333333333  0.166666666667  0.166666666667  0.8  0.233333333333  
0.833333333333  0.233333333333  0.7  0.3  0.533333333333  0.466666666667  0.566666666667  0.9  
0.966666666667  0.233333333333  0.8  0.4  0.966666666667  0.866666666667  0.766666666667  0.866666666667  
0.3  0.266666666667  0.9  0.2  0.0666666666667  0.266666666667  0.566666666667  0.433333333333  
0.2  0.266666666667  0.5  0.866666666667  0.433333333333  0.966666666667  0.233333333333  0  
0.5  0.8  0.133333333333  0.133333333333  0.466666666667  0.666666666667  0.1  0.9  
0.1  0.366666666667  0.866666666667  0.766666666667  1  0.8  0.566666666667  0.266666666667  
0.6  0.266666666667  0.7  0.233333333333  0.233333333333  0.1  0.966666666667  0.133333333333  
0.5  0.7  0.533333333333  0.2  0.8  0.266666666667  0.233333333333  0.166666666667  
0.133333333333  0.4  0.266666666667  0.4  1  0.5  0.666666666667  0.133333333333  
0.266666666667  0.433333333333  0.566666666667  0.566666666667  0.0333333333333  0.3  0.266666666667  0.533333333333  
1  0.266666666667  0.733333333333  0.533333333333  0.533333333333  0.6  0.2  0.866666666667  
0.266666666667  0.266666666667  0.0333333333333  0.533333333333  0.966666666667  0.4  0.666666666667  0.933333333333  
0.166666666667  0.766666666667  0.133333333333  0.2  0.433333333333  0.3  0.0333333333333  0.666666666667  
0.733333333333  0.7  0.6  0.1  0.6  0.533333333333  0.2  0.566666666667  
0.866666666667  0.733333333333  0.466666666667  0.233333333333  0.8  0.0666666666667  0.733333333333  0.3  
0.266666666667  0.466666666667  0.833333333333  0.7  0.2  0.333333333333  0.4  0.633333333333  
0.6  0.633333333333  0.1  0.3  0.333333333333  0.2  0.1  0.933333333333  
0.266666666667  0.0333333333333  0.0333333333333  0.333333333333  0.733333333333  0.0333333333333  0.933333333333  0.133333333333  
1  0.133333333333  0.266666666667  1  0.1  0.0666666666667  0.433333333333  0.133333333333  
0.566666666667  0.766666666667  0.166666666667  0.633333333333  0.333333333333  0.333333333333  0.5  0.766666666667  
0.6  1  0.666666666667  0.733333333333  0.833333333333  0.466666666667  0.1  0.333333333333  
0.366666666667  0.133333333333  0.133333333333  0.733333333333  0.9  0.933333333333  0.6  0  
0.4  0.133333333333  0  0.366666666667  0.466666666667  1  0.766666666667  0.933333333333  
0.4  0.333333333333  0.166666666667  0.0666666666667  0.333333333333  0.966666666667  0.7  0.5  
0.933333333333  0.866666666667  0.3  0  0.1  0.1  0.433333333333  0.6  
0.666666666667  0.7  0.766666666667  0.666666666667  0.7  0.433333333333  1  0.466666666667  
0.6  0.966666666667  0.2  0.366666666667  0.8  0.566666666667  0.266666666667  0.366666666667  
0.566666666667  0.133333333333  0.333333333333  0.1  0.9  0.666666666667  0.1  0.266666666667  
0.433333333333  0.366666666667  0.9  0.366666666667  0.466666666667  0.366666666667  0.666666666667  0.8  
0.433333333333  0.466666666667  0.633333333333  0.166666666667  0.766666666667  0.366666666667  0.0333333333333  0.2  
0.366666666667  0.5  0.733333333333  0.366666666667  0.466666666667  0.1  0.366666666667  0.3  
0.466666666667  0.866666666667  0.866666666667  0.366666666667  0.833333333333  0.966666666667  0.933333333333  0.166666666667  
0.633333333333  0.9  0.366666666667  0.8  0.166666666667  0.5  0.766666666667  0.0333333333333  
0.0666666666667  0.4  0.133333333333  0.633333333333  0.433333333333  0.566666666667  0.166666666667  0.4  
0.7  0.666666666667  0.1  0.733333333333  0.533333333333  0.766666666667  0.0333333333333  0.566666666667  
0.166666666667  0.333333333333  0.5  0.0333333333333  0  0.966666666667  0.7  0.266666666667  
0.4  0.566666666667  0.333333333333  0.266666666667  0.7  0.0333333333333  0.966666666667  0.766666666667  
0.866666666667  0.3  0.833333333333  0.2  1  0.7  0.133333333333  0.666666666667  
0.2  0.433333333333  0.233333333333  0.966666666667  0.2  0.966666666667  0.3  0.566666666667  
0.7  0.2  0.8  0.733333333333  0.433333333333  0.866666666667  0.133333333333  0.833333333333  
0.566666666667  0.733333333333  0.0666666666667  0.966666666667  0.0666666666667  0.133333333333  0.933333333333  0.333333333333  
0.7  0.633333333333  0.133333333333  0.433333333333  0.766666666667  0.433333333333  1  0.333333333333  
1  0.233333333333  0.666666666667  0.0333333333333  0.433333333333  0.1  0.333333333333  0.433333333333  
0.7  0.766666666667  0.633333333333  0.4  0.4  0.166666666667  0.366666666667  1  
0.833333333333  0.8  0.6  0.5  0.166666666667  0.266666666667  0.6  0.433333333333  
0.8  0.666666666667  0.966666666667  0.0666666666667  0.466666666667  0.266666666667  0.433333333333  0.5  
0.433333333333  1  0.766666666667  0.4  0.833333333333  0.433333333333  0.866666666667  0.1  
0.7  0.1  0.666666666667  0.1  1  0.633333333333  0.166666666667  0.0333333333333  
0.966666666667  0.0333333333333  0.866666666667  0.266666666667  0.666666666667  0.366666666667  0.933333333333  0.933333333333  
0.233333333333  0.566666666667  0.766666666667  0.966666666667  0.366666666667  0.966666666667  0.766666666667  0.466666666667  
0.4  0.866666666667  0.2  1  0.333333333333  0.466666666667  0.833333333333  0.266666666667  
0.3  0.0666666666667  0  0.2  0.533333333333  0.3  0.366666666667  0.2  
0.9  0.233333333333  0.5  0.566666666667  0.933333333333  0.566666666667  0.833333333333  0.666666666667  
0.233333333333  0.666666666667  0.4  0.233333333333  0.4  0.666666666667  0.1  0.833333333333  
0.733333333333  0.333333333333  0.4  0.366666666667  0.366666666667  0.733333333333  0.833333333333  1  
0.0666666666667  0.1  0.9  0.6  0.933333333333  0.466666666667  0  0.5  
0.1  0.633333333333  0.566666666667  1  0.3  0.2  0.633333333333  0.233333333333  
0.0666666666667  0.766666666667  0.4  1  0.233333333333  0.5  0.433333333333  0.4  
0.366666666667  0.6  0  0.233333333333  0.866666666667  0.533333333333  0.2  0.766666666667  
0.4  0.0333333333333  1  0.533333333333  0.766666666667  0.9  0.666666666667  0.666666666667  
0.7  0.9  0.3  1  0.633333333333  0.5  0.266666666667  0.7  
0.933333333333  0.6  0  0.666666666667  0.3  0.1  0.1  0.8  
0.233333333333  0.866666666667  0.333333333333  0.0666666666667  0.9  0.5  0.233333333333  0.0666666666667  
0.1  0.766666666667  0.3  0.533333333333  0.633333333333  0  0.3  0.666666666667  
0.1  0.566666666667  0  0.566666666667  0.133333333333  0.533333333333  0.6  0.733333333333  
0.733333333333  0.966666666667  0.266666666667  0.5  0.0666666666667  0.3  0.633333333333  0.466666666667  
0.633333333333  0.433333333333  0  0.833333333333  0.9  0.9  0.166666666667  0.133333333333  
0.233333333333  0.366666666667  0.666666666667  0.633333333333  0.9  0.333333333333  0.7  0.833333333333  
0.433333333333  0  0.266666666667  0.133333333333  0.166666666667  0.6  0.466666666667  0.333333333333  
0.0666666666667  0.6  0.666666666667  0  0.466666666667  0.933333333333  0.233333333333  0.733333333333  
0.0333333333333  1  0.7  0.733333333333  0.133333333333  0.5  0.733333333333  0.633333333333  
0.466666666667  0.5  0.2  0.233333333333  0.166666666667  0.9  0.0666666666667  0.566666666667  
0.9  0.733333333333  0.566666666667  0.633333333333  0.666666666667  0.533333333333  0.466666666667  0.133333333333  
0.2  0.3  0.266666666667  0.566666666667  0.633333333333  0.6  0.333333333333  0.566666666667  
0.966666666667  0.666666666667  0.466666666667  0.4  0.733333333333  1  0.533333333333  0.733333333333  
0.833333333333  0.1  0.7  0.4  0.733333333333  0  0.6  0.566666666667  
0.6  0.933333333333  0.133333333333  0.1  0.933333333333  0.2  0.5  0.833333333333  
0.166666666667  0.433333333333  0.566666666667  0.0666666666667  0.533333333333  0.133333333333  0.9  0.0333333333333  
0.0666666666667  0.933333333333  0.6  0.466666666667  0.433333333333  0.766666666667  0.266666666667  0.2  
0.766666666667  0.2  0.0666666666667  0.8  0.1  0.433333333333  0.1  0.6  
0.4  0.466666666667  0.866666666667  0.966666666667  0.0333333333333  0.133333333333  0.233333333333  0.6  
0.4  0.533333333333  0.666666666667  0.966666666667  0.5  0.166666666667  0.533333333333  0.966666666667  
0.4  0.6  0.533333333333  0.5  0.466666666667  0.433333333333  0.333333333333  0.0333333333333  
0.4  0  0.566666666667  0.6  0.166666666667  0.8  0.8  0.866666666667  
0.333333333333  0.9  0.7  0.6  0.2  0.5  0.533333333333  0.366666666667  
0.766666666667  0.233333333333  0.533333333333  0.933333333333  0.733333333333  0.866666666667  0.933333333333  1  
0.6  0.766666666667  0.6  0.4  0.466666666667  0.6  0  0.633333333333  
0.633333333333  0.866666666667  0.9  0.8  0.466666666667  0.7  0.266666666667  0.766666666667  
0.433333333333  0.533333333333  0.866666666667  0.5  0.833333333333  0  0.933333333333  0.266666666667  
0.0333333333333  0.8  0.733333333333  0.666666666667  0.666666666667  0.866666666667  0.3  0.866666666667  
0.633333333333  0.533333333333  0.566666666667  0.1  0.5  0.633333333333  0.433333333333  0.433333333333  
0.566666666667  0.7  0.866666666667  0.233333333333  0.733333333333  0.9  0.233333333333  0.266666666667  
0.833333333333  0.6  0.5  0.666666666667  0.966666666667  0.833333333333  1  0.766666666667  
0.833333333333  0.633333333333  0.4  0.2  0.3  0.4  0.5  0.266666666667  
0.366666666667  0.333333333333  1  0.666666666667  0.666666666667  1  0.2  0.633333333333  
0.9  0.866666666667  0  0.333333333333  0.633333333333  0.833333333333  0.566666666667  0.533333333333  
0.5  0.3  0.3  0.933333333333  0.366666666667  0.933333333333  0.266666666667  0.666666666667  
0.233333333333  0.133333333333  0.5  0.233333333333  0.0333333333333  0.0666666666667  0.433333333333  0.666666666667  
0.866666666667  0.833333333333  0.333333333333  0.733333333333  0.533333333333  0.666666666667  0.133333333333  0.3  
0.733333333333  0.8  0.966666666667  0  0.0666666666667  0.633333333333  0.8  0.9  
0.933333333333  0.5  0.566666666667  0.466666666667  0.566666666667  0.833333333333  0.0333333333333  0.733333333333  
0.866666666667  0.666666666667  0.566666666667  0.0333333333333  0  0.266666666667  0.966666666667  0.966666666667  
0.766666666667  0.8  0  0.7  0.733333333333  0.233333333333  0.266666666667  0.933333333333  
0.1  0.7  0.2  0.933333333333  0.833333333333  0.366666666667  0.6  0.333333333333  
0.9  0.633333333333  0.866666666667  0.6  0.8  0.133333333333  0.233333333333  0.9  
0.666666666667  0.4  0.533333333333  0.9  0.766666666667  0.1  0.566666666667  0.366666666667  
0.433333333333  0.933333333333  0.533333333333  0.7  0.766666666667  0.333333333333  0.166666666667  0.733333333333  
1  0.1  0.1  0.233333333333  0.166666666667  0  0.733333333333  0.733333333333  
0.333333333333  0.666666666667  0.466666666667  0.8  0.533333333333  1  0.866666666667  0.7  
0.133333333333  0.0666666666667  0.966666666667  0.533333333333  0.966666666667  0.7  0.2  0.666666666667  
0  0.733333333333  0.966666666667  0.633333333333  0.8  0.7  0.233333333333  0.4  
0.866666666667  0.2  0.6  0.7  0.0333333333333  0.0333333333333  0.833333333333  0.0333333333333  
0.266666666667  0.733333333333  0.3  0.733333333333  0.833333333333  0.833333333333  0.466666666667  0.2  
0.433333333333  0.9  0.3  0.966666666667  0.5  0.966666666667  0.4  0.4  
0.0333333333333  0.4  0.233333333333  0.833333333333  0.533333333333  0.4  0.633333333333  0.733333333333  
0.333333333333  0.5  0.333333333333  0.3  0.5  0.433333333333  0.766666666667  0.733333333333  
0.3  0.6  0.833333333333  0.166666666667  0  0.533333333333  0.266666666667  0.233333333333  
0.633333333333  0.0333333333333  0.133333333333  0.9  0.7  0.7  0.933333333333  0.766666666667  
0.4  0.833333333333  0.966666666667  0.466666666667  0.9  0.266666666667  0.766666666667  0.766666666667  
0.433333333333  0.8  0.666666666667  0.166666666667  0.8  0.5  0.0666666666667  0.433333333333  
0.0333333333333  0.6  0.333333333333  0.766666666667  0.366666666667  0.766666666667  0.4  0.766666666667  
0.6  0.8  0.466666666667  0.766666666667  0.133333333333  0  0.0666666666667  0.733333333333  
0.766666666667  0.266666666667  0.433333333333  0.633333333333  0.8  0.3  0.666666666667  0.766666666667  
0.933333333333  0.833333333333  0.133333333333  0.766666666667  0.666666666667  0.6  0.966666666667  0.6  
0.1  0.4  0.366666666667  0.366666666667  0.366666666667  0.166666666667  1  0.4  
0.0333333333333  0.966666666667  0.0333333333333  0.366666666667  0  0.8  0.2  0.6  
0.833333333333  0.733333333333  0.633333333333  0.3  0.733333333333  0.466666666667  0.566666666667  0.3  
0.933333333333  0.366666666667  0.366666666667  0.266666666667  0.933333333333  0.666666666667  0.8  0.433333333333  
0.133333333333  0.0333333333333  0.433333333333  0.0333333333333  0.9  0  0.666666666667  0.833333333333  
0.366666666667  0.9  0.8  0.633333333333  0.633333333333  0.333333333333  0.866666666667  0.0333333333333  
0.1  0.466666666667  0.3  0.466666666667  0.466666666667  0.9  0.733333333333  0.133333333333  
0.366666666667  0.666666666667  0.7  0.533333333333  0.166666666667  0.466666666667  0.166666666667  0.566666666667  
0.166666666667  0.966666666667  0.666666666667  0.0666666666667  0.933333333333  0.8  0.333333333333  0.8  
0.533333333333  0.266666666667  0.433333333333  0.0666666666667  0.133333333333  0.933333333333  0.0666666666667  0.833333333333  
0.833333333333  0.766666666667  0.1  0.866666666667  0.933333333333  0.3  0.933333333333  0.233333333333  
0.2  0.2  0.966666666667  0.333333333333  0.3  0.833333333333  0.633333333333  0.7  
0.833333333333  0.933333333333  0.766666666667  0.533333333333  0.433333333333  0.833333333333  0.966666666667  0.2  
0.133333333333  0.233333333333  0.533333333333  0.833333333333  0.3  0.5  0.333333333333  0.166666666667  
0.733333333333  0.0666666666667  0.666666666667  0.433333333333  1  0.0333333333333  0.466666666667  0.3  
0.766666666667  0.833333333333  0.6  0.666666666667  0.666666666667  0.3  0.3  0.133333333333  
0.0666666666667  0.533333333333  0.466666666667  0.633333333333  1  0.933333333333  0.5  0.1  
0.9  0.833333333333  0  0.0333333333333  0.633333333333  0.0666666666667  0.5  0.2  
0  0.433333333333  0.166666666667  0.866666666667  1  0.166666666667  0.833333333333  0.5  
0.266666666667  0.866666666667  0.166666666667  0.833333333333  0.3  0.433333333333  0.833333333333  0.533333333333  
0.633333333333  0.666666666667  0.666666666667  0.333333333333  0.833333333333  0.4  0.0333333333333  0.233333333333  
0.9  0.1  0.566666666667  0.866666666667  0.6  0.866666666667  0.933333333333  0.433333333333  
0.6  0.833333333333  0.466666666667  0.833333333333  0.1  0.666666666667  0.666666666667  0.5  
0.766666666667  0.3  0.833333333333  0.866666666667  0.566666666667  0.8  0.633333333333  0.266666666667  
0.3  0.3  0.233333333333  0.766666666667  0  0.133333333333  0  0.9  
0.0333333333333  0.9  0.0666666666667  0.9  0.133333333333  0.333333333333  0.733333333333  0.6  
0.166666666667  1  0.8  1  0.2  0.466666666667  0.766666666667  0.633333333333  
0.533333333333  0.633333333333  0.533333333333  0.233333333333  1  0.6  0.4  0.966666666667  
0.8  0.0333333333333  0.133333333333  0.466666666667  0.233333333333  0.466666666667  0.333333333333  0.7  
0.433333333333  0.266666666667  0.3  0.166666666667  0.5  0.366666666667  0.166666666667  0.1  
0.233333333333  0.7  0.8  0.833333333333  0.3  0.633333333333  0.966666666667  0.9  
0.4  0.433333333333  0.2  0.0666666666667  0.933333333333  0.633333333333  0.566666666667  0.233333333333  
0.866666666667  0.9  1  0.9  0  0.933333333333  0.866666666667  0.633333333333  
0.533333333333  0.533333333333  0.933333333333  0  0.233333333333  0.233333333333  0.2  0.0333333333333  
0.4  0.8  0.4  0.7  0.9  0.566666666667  0.3  0.9  
0.1  0.533333333333  0.633333333333  0.133333333333  0.7  0.166666666667  0.966666666667  0.733333333333  
0.6  0.2  0.3  0.7  0  0.3  0.1  0.5  
0.666666666667  0.9  0.0666666666667  0.333333333333  0.466666666667  0.533333333333  0.7  0.933333333333  
0.6  0.366666666667  0.966666666667  1  0.8  0.933333333333  0.866666666667  0  
0.733333333333  0.433333333333  0.5  0.5  0.233333333333  0.433333333333  0.333333333333  0.833333333333  
0.266666666667  0.3  1  0.366666666667  1  0.3  0.0333333333333  0.633333333333  
0.966666666667  0.5  0.133333333333  0.966666666667  0.866666666667  0.8  0.0333333333333  0.166666666667  
0.766666666667  0  0.566666666667  0.966666666667  0.0333333333333  0.466666666667  0.666666666667  0.266666666667  
0.966666666667  0.566666666667  0.466666666667  0.0666666666667  0.633333333333  0.2  0.533333333333  0.0666666666667  
0.166666666667  0.933333333333  0.533333333333  0.333333333333  0.733333333333  0.1  0.166666666667  0.366666666667  
0.166666666667  0.666666666667  0.533333333333  0.8  0.9  0.4  0.833333333333  0.133333333333  
0.966666666667  0.366666666667  0.8  0.333333333333  0.233333333333  0.8  0.133333333333  0.866666666667  
0.633333333333  0.966666666667  0.9  1  0.1  1  1  0.966666666667  
0.733333333333  0.4  0.0666666666667  1  0.933333333333  0.733333333333  0.133333333333  1  
0.7  0.333333333333  0.733333333333  0.5  1  0.433333333333  0.3  0.333333333333  
0.6  0.133333333333  0.733333333333  0.566666666667  0.566666666667  0.933333333333  0.0666666666667  0.366666666667  
0.5  0.466666666667  0.866666666667  0.566666666667  0.5  1  1  0.733333333333  
0.5  0.533333333333  0.4  0.0666666666667  0.633333333333  1  0.2  0.133333333333  
0.7  1  0.566666666667  0.666666666667  0.0666666666667  0.233333333333  0.6  0.0666666666667  
0.6  0.6  0.4  0.5  0.366666666667  0.466666666667  0.566666666667  0.4  
0.7  0.966666666667  1800
1 151 86 793
988 1492 579 
1 243 162 512
449 297 1783 
1 584 859 918
1318 128 1176 
1 496 271 866
630 504 1264 
1 429 474 852
-6 1253 1180 
1 393 85 448
453 1380 737 
1 542 575 608
295 1076 1139 
1 7 37 169
1275 84 -5 
1 851 740 913
924 56 1276 
1 271 633 952
1185 1617 956 
1 663 21 924
37 739 809 
1 205 629 918
109 1251 128 
1 243 151 294
1476 579 449 
1 83 510 747
952 -3 1050 
1 606 112 916
130 365 723 
1 417 131 736
781 1319 671 
1 860 60 952
1628 956 659 
1 204 657 831
223 879 1203 
1 555 51 571
202 1528 1036 
1 681 319 757
629 154 1422 
1 78 153 160
281 1704 294 
1 253 837 901
1576 603 391 
1 412 902 925
-4 256 324 
1 315 376 797
1296 703 331 
1 529 216 945
986 1771 355 
1 778 415 950
900 598 326 
1 56 402 781
1200 1216 789 
1 603 234 889
169 1671 432 
1 180 157 561
321 1049 388 
1 241 722 883
1718 752 1442 
1 844 582 942
531 1486 1446 
1 399 446 845
144 -6 1453 
1 409 528 602
1588 1430 644 
1 300 441 748
560 602 968 
1 723 816 820
196 1119 327 
1 403 369 767
689 113 976 
1 21 663 667
11 812 1250 
1 280 722 882
752 288 1658 
1 381 484 514
1265 1544 960 
1 504 405 690
941 759 379 
1 418 590 893
1104 1798 1432 
1 275 244 448
1095 840 1379 
1 604 22 880
1458 1178 1654 
1 63 228 772
1054 214 559 
1 342 14 576
-5 1078 73 
1 260 17 313
-5 119 111 
1 277 210 920
1358 711 573 
1 30 130 333
313 78 597 
1 170 677 863
934 1004 856 
1 255 356 507
1787 242 946 
1 764 692 896
1425 164 1038 
1 61 676 720
754 250 1350 
1 579 95 738
1530 898 375 
1 641 653 801
1351 1223 467 
1 188 331 440
870 619 161 
1 740 489 913
1630 1599 9 
1 635 155 810
155 -3 310 
1 277 380 553
573 1032 570 
1 50 691 810
1293 310 1524 
1 44 65 496
305 630 927 
1 561 43 585
1048 380 511 
1 315 547 909
134 -5 1296 
1 684 39 921
290 1168 95 
1 156 122 666
1440 1098 220 
1 28 599 853
-5 704 1706 
1 207 185 221
696 1289 407 
1 30 329 354
597 236 923 
1 329 743 796
1395 176 1499 
1 174 588 930
92 -6 345 
1 316 207 825
343 162 71 
1 124 316 825
592 70 1552 
1 451 629 777
1251 1187 1461 
1 69 342 576
483 45 74 
1 449 69 576
842 73 614 
1 320 415 536
778 777 1001 
1 378 63 519
936 559 708 
1 173 94 736
1368 1381 980 
1 333 130 415
48 598 778 
1 796 311 858
249 112 1046 
1 671 461 833
216 1568 1233 
1 245 244 394
840 122 471 
1 668 31 893
970 1252 1797 
1 541 683 755
1154 1278 1237 
1 37 36 169
595 1294 8 
1 660 31 752
1252 1724 499 
1 172 571 812
1069 1528 564 
1 57 52 441
420 153 560 
1 621 323 706
383 655 1324 
1 338 436 876
1421 503 1616 
1 718 467 828
874 99 251 
1 466 489 867
855 1630 1011 
1 588 174 894
69 1221 -6 
1 749 301 781
1406 1469 1216 
1 455 489 879
1599 855 1652 
1 624 684 921
289 63 741 
1 288 84 702
1084 336 535 
1 259 81 429
191 332 1180 
1 487 508 832
475 909 413 
1 467 49 828
541 462 90 
1 317 272 673
593 798 -4 
1 311 225 471
847 348 112 
1 192 223 540
1064 1009 411 
1 589 729 835
1369 1031 1572 
1 373 593 889
1556 432 1129 
1 235 251 615
636 342 106 
1 6 235 615
-4 105 1153 
1 310 328 890
478 527 664 
1 654 220 685
263 1214 -3 
1 629 205 800
12 296 550 
1 222 217 742
779 1164 1394 
1 41 260 313
1646 46 926 
1 311 471 858
101 1612 79 
1 369 258 767
1561 835 36 
1 791 721 830
1647 1030 1269 
1 512 262 860
297 298 659 
1 8 96 635
1061 155 1189 
1 117 49 121
462 1120 219 
1 232 751 938
1410 634 127 
1 313 17 342
46 -5 483 
1 354 491 494
1514 586 923 
1 753 176 923
1738 1733 692 
1 244 43 394
380 738 81 
1 182 22 900
830 1458 140 
1 258 552 794
1562 1103 1495 
1 304 461 937
1568 1757 502 
1 897 347 933
677 257 1019 
1 340 232 938
1566 118 1759 
1 859 205 918
1093 12 3 
1 194 120 650
-5 217 1218 
1 555 112 606
184 15 556 
1 191 374 877
1690 1488 1044 
1 497 492 562
149 863 757 
1 774 434 811
775 932 1034 
1 315 391 547
331 732 62 
1 758 238 914
237 1715 1521 
1 614 263 806
606 1137 1136 
1 447 416 959
399 1117 1796 
1 771 553 847
938 888 255 
1 638 694 886
1299 1666 1183 
1 191 182 900
1344 123 1690 
1 532 384 805
878 744 539 
1 378 396 831
750 1203 716 
1 308 459 769
279 278 1268 
1 399 398 446
265 836 32 
1 252 580 644
1222 788 693 
1 614 639 670
378 1786 1141 
1 218 531 814
1338 490 1531 
1 133 34 841
247 1041 762 
1 492 497 738
132 1083 898 
1 604 787 900
253 351 1458 
1 393 141 515
1142 1473 691 
1 185 372 551
696 505 461 
1 441 52 538
87 528 969 
1 319 37 757
595 1275 20 
1 96 155 635
-3 57 116 
1 175 362 915
445 1717 884 
1 91 40 764
226 1425 1434 
1 89 161 754
316 627 1416 
1 701 168 746
1313 254 1770 
1 737 341 809
341 1456 1383 
1 174 188 440
345 55 1101 
1 207 116 825
407 339 70 
1 159 556 874
165 818 1642 
1 692 599 896
704 -5 51 
1 159 93 556
225 1039 163 
1 91 432 545
591 1736 226 
1 254 551 784
461 848 1029 
1 456 425 762
753 1156 1155 
1 234 603 760
28 307 1173 
1 330 204 672
223 616 1385 
1 906 779 917
747 991 178 
1 839 567 908
1060 843 473 
1 448 245 610
840 839 1143 
1 388 246 912
498 1236 1712 
1 140 307 537
957 721 427 
1 743 452 796
615 249 68 
1 139 84 818
1298 1084 199 
1 773 906 917
761 171 1722 
1 569 192 958
1064 838 728 
1 574 898 945
1674 355 1013 
1 138 533 935
735 1754 466 
1 593 627 760
1494 1128 307 
1 780 460 782
264 1744 1471 
1 112 555 808
130 1037 365 
1 206 104 595
1370 1114 508 
1 463 152 728
1649 1366 1365 
1 190 813 911
-3 329 1314 
1 674 78 793
1549 792 547 
1 90 440 511
1625 619 953 
1 371 464 846
392 -6 828 
1 81 259 669
97 416 480 
1 596 693 694
335 1666 1300 
1 114 108 262
764 1027 302 
1 731 675 757
-5 1372 816 
1 346 425 687
1587 753 571 
1 723 109 816
875 832 35 
1 750 803 822
419 330 198 
1 763 750 822
1408 197 1546 
1 579 139 818
897 177 1530 
1 339 181 698
787 1227 482 
1 353 38 555
1764 202 556 
1 38 51 555
510 19 201 
1 123 473 601
1229 1051 1125 
1 113 724 911
1359 877 329 
1 364 153 955
1705 281 894 
1 450 364 824
872 894 679 
1 76 433 774
1500 775 1454 
1 227 472 915
823 1354 322 
1 426 200 673
1504 -4 1261 
1 499 522 713
-5 555 1337 
1 645 467 905
541 874 1698 
1 466 662 946
896 913 852 
1 527 503 888
370 1436 1669 
1 228 503 772
1656 1403 44 
1 119 546 665
451 412 949 
1 366 461 671
1757 80 1258 
1 120 332 650
-5 1035 129 
1 495 178 598
1208 925 429 
1 72 117 121
1413 117 771 
1 586 156 666
1071 64 649 
1 523 669 767
480 286 1441 
1 841 126 871
584 1637 748 
1 204 330 657
170 371 18 
1 124 93 426
1552 291 431 
1 93 159 437
165 1642 291 
1 40 91 545
157 166 1018 
1 719 453 784
821 1029 765 
1 265 210 741
612 1358 587 
1 312 203 557
1589 491 1580 
1 29 158 632
1063 1623 546 
1 630 226 698
631 482 908 
1 80 105 888
1710 551 1449 
1 333 320 419
778 415 1396 
1 343 108 465
486 487 639 
1 384 502 711
1361 -3 719 
1 329 77 354
1499 1513 67 
1 103 238 758
325 135 366 
1 9 134 942
358 1446 1766 
1 421 695 862
465 1620 1099 
1 46 104 730
1114 1370 718 
1 167 248 827
1767 318 1555 
1 356 310 507
309 664 50 
1 68 723 790
1357 303 428 
1 409 514 739
960 1387 246 
1 287 100 454
996 1107 851 
1 582 409 739
531 244 713 
1 34 133 510
148 -3 952 
1 855 847 899
743 982 944 
1 452 311 796
847 79 176 
1 676 708 720
1266 672 52 
1 33 718 828
648 90 1558 
1 400 540 709
892 1008 933 
1 787 604 817
150 1654 921 
1 168 334 746
-3 1400 159 
1 375 771 847
701 138 1592 
1 902 744 925
-4 1694 23 
1 347 546 933
784 451 126 
1 293 480 579
617 897 375 
1 524 693 838
1280 335 1578 
1 140 198 513
1146 518 957 
1 295 208 337
971 867 628 
1 144 220 296
1213 263 552 
1 296 220 654
262 108 404 
1 492 460 780
919 183 863 
1 398 399 658
144 1721 1232 
1 606 298 941
974 441 1355 
1 689 394 710
471 738 1332 
1 302 427 857
1161 858 1505 
1 636 734 806
352 1150 1137 
1 834 24 869
1205 1484 825 
1 894 652 932
1221 1680 1749 
1 114 162 294
302 449 548 
1 423 86 530
1492 314 793 
1 710 125 924
381 809 1242 
1 401 211 655
675 726 751 
1 837 706 940
604 655 603 
1 651 478 824
-3 679 1550 
1 769 459 878
143 868 1190 
1 459 308 734
143 1377 352 
1 450 87 908
-3 473 872 
1 153 78 955
21 1549 205 
1 154 480 672
1577 617 1260 
1 500 677 886
1004 489 699 
1 36 67 691
596 871 1294 
1 631 226 761
1088 834 1087 
1 669 697 767
1254 976 221 
1 38 175 885
1763 884 676 
1 722 362 882
1717 1134 38 
1 624 29 684
857 374 95 
1 39 684 861
63 1297 1182 
1 426 93 437
224 225 1202 
1 692 40 853
1425 1295 704 
1 465 407 567
487 843 680 
1 114 78 160
548 21 301 
1 575 542 707
7 398 1772 
1 205 520 800
1093 400 109 
1 162 262 512
302 115 2 
1 262 550 860
1027 1026 115 
1 884 683 948
1343 1662 561 
1 444 751 897
634 1410 1685 
1 114 160 407
294 1579 764 
1 162 114 262
272 193 297 
1 723 163 790
327 1487 243 
1 444 411 756
1685 1420 833 
1 65 44 491
60 660 582 
1 166 276 633
470 1617 966 
1 603 593 760
432 182 169 
1 679 572 910
975 880 459 
1 310 356 640
242 663 580 
1 691 635 810
871 57 59 
1 477 223 573
1009 710 353 
1 170 135 769
893 1268 934 
1 130 30 950
48 1463 598 
1 530 86 785
273 988 360 
1 302 696 812
563 564 1068 
1 161 89 857
158 1610 801 
1 66 794 826
1495 485 1554 
1 248 826 827
1553 1247 241 
1 442 55 846
1058 828 1590 
1 24 637 809
1205 1468 1112 
1 157 180 768
29 1660 1241 
1 241 227 915
520 208 1718 
1 718 348 905
1760 1277 874 
1 786 412 925
530 23 1123 
1 238 103 386
237 440 1715 
1 758 778 950
1521 26 1462 
1 163 723 820
303 35 1542 
1 431 327 756
611 805 1547 
1 813 113 911
349 204 187 
1 822 803 937
197 464 864 
1 391 315 797
134 24 1501 
1 81 335 429
1775 -6 97 
1 321 405 589
643 941 1572 
1 345 788 821
1483 959 1196 
1 693 596 838
192 1316 259 
1 702 84 927
96 1298 1742 
1 659 370 823
808 1419 807 
1 59 26 783
1695 1397 820 
1 116 432 825
1735 591 162 
1 59 249 413
1475 1491 368 
1 251 341 737
1220 160 342 
1 615 251 737
105 341 954 
1 207 316 372
70 367 696 
1 233 272 316
798 367 592 
1 188 174 930
161 69 346 
1 566 188 930
870 345 1747 
1 368 161 621
627 866 1324 
1 225 189 471
730 574 101 
1 701 113 813
1359 329 1313 
1 726 727 776
1045 1364 425 
1 787 79 900
1481 1363 150 
1 636 459 734
868 279 269 
1 135 477 573
893 311 575 
1 309 802 954
1482 1595 1255 
1 898 529 945
1075 25 180 
1 194 5 386
1218 1720 439 
1 598 479 820
925 1774 1119 
1 134 9 351
238 1356 654 
1 276 196 785
1047 537 450 
1 530 785 875
314 537 1643 
1 558 422 646
791 951 783 
1 620 427 634
1506 1161 1411 
1 198 901 940
1146 603 1762 
1 766 305 819
712 523 529 
1 112 808 916
184 1217 15 
1 517 103 758
-5 237 1424 
1 316 272 372
344 506 343 
1 285 59 413
1478 340 -4 
1 435 622 686
-4 662 1283 
1 118 503 527
1403 213 983 
1 330 382 657
862 1374 223 
1 288 493 664
535 920 745 
1 818 814 928
1339 490 545 
1 29 457 684
546 1297 289 
1 293 579 738
258 53 1386 
1 590 424 960
1105 844 1798 
1 800 295 857
971 801 858 
1 639 614 849
146 1081 1102 
1 504 690 788
40 959 1292 
1 43 244 585
122 1225 61 
1 43 125 710
1048 274 738 
1 865 565 959
1138 1626 1321 
1 323 621 742
88 409 1311 
1 206 273 670
508 1141 608 
1 287 12 578
851 1082 1596 
1 640 16 843
1199 1586 580 
1 385 16 537
1586 1002 721 
1 211 180 561
418 29 726 
1 270 227 401
1711 520 751 
1 357 359 542
665 1615 891 
1 289 253 901
1335 22 1693 
1 464 371 566
190 1086 618 
1 608 361 865
1056 1138 1077 
1 498 147 540
837 411 892 
1 422 299 628
1023 1022 1175 
1 379 389 597
1073 803 558 
1 140 212 901
427 1692 1146 
1 542 197 707
1614 1325 295 
1 416 447 819
137 529 1439 
1 520 208 800
800 971 296 
1 318 102 398
-6 836 746 
1 139 480 927
897 977 1298 
1 72 184 923
463 1347 1413 
1 490 296 654
707 263 -3 
1 123 648 732
1224 928 1229 
1 125 157 663
1049 565 809 
1 116 207 221
162 66 1331 
1 352 137 619
1761 1159 656 
1 621 337 742
866 688 383 
1 284 52 506
528 889 1497 
1 147 192 540
1322 102 394 
1 665 546 798
215 784 646 
1 605 487 832
525 98 633 
1 18 143 618
1162 426 1157 
1 320 171 419
1001 1158 233 
1 669 259 852
191 1180 887 
1 443 339 631
787 1088 1600 
1 180 211 883
388 675 1660 
1 803 750 912
197 883 1236 
1 52 57 583
87 1091 516 
1 468 11 711
1529 1333 -3 
1 586 572 699
423 1070 1071 
1 572 586 943
422 649 880 
1 132 230 697
1181 1305 1254 
1 183 726 776
1195 350 1459 
1 143 458 618
1611 622 414 
1 212 140 537
397 175 1147 
1 68 790 938
243 1409 998 
1 49 495 598
901 218 1120 
1 792 187 815
774 1474 1532 
1 233 124 426
592 224 1261 
1 593 603 889
307 28 104 
1 421 236 781
1099 789 1170 
1 864 251 870
1220 636 824 
1 82 336 505
902 544 906 
1 516 131 641
1427 781 1201 
1 72 431 823
771 1547 463 
1 237 70 393
1234 453 691 
1 19 194 386
-5 356 440 
1 103 19 386
-5 439 325 
1 298 115 941
657 813 266 
1 777 620 850
1187 1411 1186 
1 402 687 749
1328 1285 1216 
1 539 209 739
997 1089 1388 
1 362 175 941
156 1763 1134 
1 88 667 919
1249 566 590 
1 440 242 652
1624 1680 1101 
1 90 341 864
1111 1220 1625 
1 162 243 294
2 13 272 
1 164 276 785
1184 359 1477 
1 546 119 933
215 772 257 
1 254 453 689
1029 472 1290 
1 70 85 393
1567 6 438 
1 275 735 833
1379 568 456 
1 280 146 883
620 1659 752 
1 733 275 833
1095 454 683 
1 256 23 960
795 794 844 
1 357 476 700
891 890 1312 
1 470 679 910
-6 308 1708 
1 505 442 543
544 1014 1676 
1 254 185 551
1290 152 167 
1 49 117 828
117 1734 99 
1 184 72 823
403 437 1419 
1 803 246 937
1236 502 330 
1 695 421 907
239 1170 495 
1 716 138 935
1384 181 995 
1 101 641 801
1201 54 1508 
1 587 252 611
1507 543 903 
1 706 390 754
604 687 859 
1 276 166 560
306 1613 1047 
1 245 394 689
81 267 839 
1 453 610 689
821 839 452 
1 87 839 908
-3 172 280 
1 521 564 643
992 915 993 
1 508 487 558
98 791 476 
1 509 508 558
1503 475 1043 
1 350 513 688
958 515 1288 
1 328 310 843
107 580 722 
1 258 66 666
1495 1554 1098 
1 523 81 669
1309 191 221 
1 373 229 549
1129 1746 1025 
1 226 339 698
1088 200 231 
1 69 313 342
842 119 73 
1 638 463 727
1609 1365 1045 
1 794 647 826
717 1560 317 
1 108 343 550
234 638 1027 
1 108 407 465
764 293 234 
1 849 534 954
577 1255 1102 
1 677 856 886
601 1183 283 
1 814 531 928
147 1124 373 
1 203 406 557
1398 979 229 
1 843 385 920
1586 702 711 
1 651 129 887
1550 1171 -3 
1 417 526 676
671 904 754 
1 637 695 907
1192 465 1468 
1 716 392 775
995 1279 1384 
1 269 268 868
1412 1177 500 
1 304 246 388
502 174 727 
1 64 660 752
1433 85 1235 
1 48 269 868
1573 497 1663 
1 388 270 655
1712 751 1226 
1 246 304 937
498 125 464 
1 436 675 876
1372 585 89 
1 271 60 866
956 1628 4 
1 551 372 792
152 774 848 
1 272 187 372
1474 774 367 
1 344 591 806
850 1517 1150 
1 273 206 595
384 185 1151 
1 38 47 274
676 1633 510 
1 51 38 274
202 509 1527 
1 561 585 655
61 865 726 
1 347 232 798
677 822 784 
1 560 712 875
881 514 989 
1 712 289 875
1335 538 513 
1 513 352 688
518 652 477 
1 475 52 583
889 420 651 
1 705 147 795
1322 837 945 
1 198 352 513
1762 515 260 
1 482 682 905
1284 1699 876 
1 227 241 401
322 1442 389 
1 811 115 956
932 657 1135 
1 365 192 705
838 1322 1795 
1 305 281 819
1287 1539 364 
1 282 12 873
1082 1778 1174 
1 422 487 605
791 413 1023 
1 746 314 944
1401 1391 1770 
1 890 328 944
107 613 1391 
1 52 284 538
410 826 153 
1 447 766 819
673 364 399 
1 412 786 903
324 773 -4 
1 409 582 844
246 31 1588 
1 340 770 832
1759 948 1566 
1 193 628 873
1175 1174 1641 
1 578 282 957
1082 1007 760 
1 493 288 702
372 96 1535 
1 656 111 664
1179 1243 1231 
1 785 196 875
359 989 360 
1 289 612 875
1693 1644 514 
1 532 805 881
141 972 1437 
1 532 501 564
1437 1055 992 
1 49 467 645
99 211 901 
1 515 408 753
1472 961 1414 
1 252 483 611
693 964 468 
1 336 442 505
1085 460 435 
1 404 818 928
1538 373 1743 
1 457 29 632
374 230 1618 
1 356 674 793
1788 188 1263 
1 78 114 294
294 272 792 
1 536 239 571
686 1036 1069 
1 620 629 800
1187 109 1506 
1 105 765 888
742 1668 232 
1 202 144 296
1230 262 1696 
1 526 326 715
782 768 904 
1 297 240 708
1127 1327 1266 
1 522 414 713
776 1526 210 
1 353 555 606
201 130 1355 
1 548 209 957
1132 997 1007 
1 379 597 891
396 1118 1675 
1 519 63 772
76 44 939 
1 300 57 441
1451 87 34 
1 392 884 948
1010 299 1776 
1 266 301 533
1469 1273 735 
1 302 143 696
1505 1162 315 
1 696 172 812
1304 86 315 
1 157 150 663
1241 812 406 
1 667 150 919
812 733 446 
1 750 64 836
1408 1407 883 
1 833 735 926
454 1257 1233 
1 688 278 899
652 1591 1689 
1 410 277 553
706 58 1448 
1 240 346 687
985 195 1327 
1 456 649 680
1639 653 994 
1 380 277 920
58 47 1728 
1 471 189 712
348 1334 881 
1 308 135 573
1268 353 1377 
1 707 23 945
1326 1687 1772 
1 578 534 849
760 488 1596 
1 309 534 957
1255 760 1791 
1 294 151 793
13 1 792 
1 310 640 843
309 386 478 
1 166 518 858
966 1498 1613 
1 65 491 804
305 1514 967 
1 525 3 745
-6 1040 1752 
1 126 841 842
222 1041 1470 
1 675 53 876
-5 1645 503 
1 491 449 494
660 614 120 
1 265 741 944
228 1672 613 
1 314 626 887
1401 -3 1667 
1 25 391 522
732 776 -5 
1 797 88 919
703 446 1443 
1 432 91 825
166 810 339 
1 124 233 316
431 344 71 
1 272 317 815
100 -4 1474 
1 714 531 917
1124 1338 991 
1 36 37 319
84 154 596 
1 67 36 319
284 595 763 
1 329 30 333
67 48 1395 
1 415 130 950
78 313 26 
1 678 261 830
755 1353 1030 
1 721 559 730
869 718 605 
1 677 769 856
934 1445 489 
1 441 568 748
969 827 34 
1 901 837 940
22 276 363 
1 390 706 837
469 276 1576 
1 678 721 730
1030 600 755 
1 595 263 614
1191 136 1151 
1 953 623 961
-6 1784 1066 
1 544 206 670
1015 384 1256 
1 345 484 715
1196 1265 768 
1 430 250 756
806 1548 1420 
1 121 327 431
1533 328 771 
1 210 265 843
228 722 711 
1 328 265 944
722 587 527 
1 494 449 576
586 74 637 
1 618 452 743
785 176 786 
1 204 32 672
1729 1259 170 
1 480 293 672
258 1386 282 
1 213 464 566
-6 392 1747 
1 440 331 511
55 1569 189 
1 146 280 434
455 1658 811 
1 808 367 914
685 724 1080 
1 458 231 618
1415 785 426 
1 283 507 890
947 664 1673 
1 420 181 443
-6 787 804 
1 644 106 895
1193 829 1682 
1 889 485 892
1671 1144 1677 
1 161 368 754
347 859 158 
1 161 295 337
801 261 866 
1 343 319 681
639 20 638 
1 65 271 496
1185 4 60 
1 226 630 880
231 632 1480 
1 630 656 880
908 1130 631 
1 535 605 832
910 413 948 
1 751 444 938
300 998 118 
1 625 511 869
953 1569 1484 
1 251 235 870
105 -4 434 
1 177 494 576
922 614 916 
1 550 343 681
486 629 1026 
1 319 343 465
629 234 763 
1 379 27 591
1675 1106 850 
1 595 13 636
1113 861 1191 
1 321 383 544
1571 1016 643 
1 405 321 544
333 642 1256 
1 381 409 602
960 33 1340 
1 346 602 848
985 1430 1587 
1 418 665 798
1245 412 1020 
1 73 535 770
910 948 1447 
1 718 33 939
251 1346 1760 
1 586 666 943
220 1271 423 
1 349 929 951
1745 943 1781 
1 475 583 855
516 743 1607 
1 352 278 688
656 569 515 
1 649 355 680
853 1215 572 
1 10 134 351
797 358 1149 
1 706 323 940
88 1575 276 
1 278 352 619
652 408 1540 
1 115 298 956
441 974 521 
1 5 650 916
1218 1520 1720 
1 512 860 952
115 17 1783 
1 44 449 491
841 586 305 
1 613 195 946
873 1773 913 
1 622 541 686
1154 914 369 
1 356 149 640
1263 1198 309 
1 507 310 890
242 107 623 
1 359 357 520
390 800 1012 
1 208 357 462
800 1312 867 
1 250 165 823
806 807 1548 
1 370 358 923
962 692 1347 
1 703 584 960
1318 950 794 
1 170 98 477
856 930 893 
1 526 417 736
494 16 782 
1 708 402 720
1328 1200 250 
1 766 447 795
529 945 712 
1 27 891 949
1675 1640 1317 
1 211 401 883
275 1442 418 
1 47 38 885
509 287 1664 
1 232 347 897
512 126 1410 
1 363 165 430
1096 806 1751 
1 478 450 824
-3 206 277 
1 8 465 567
1189 293 1060 
1 619 217 819
1160 1439 1540 
1 958 365 959
838 1795 1626 
1 97 733 833
1376 456 1375 
1 363 671 926
1258 1233 1096 
1 536 367 808
777 621 686 
1 239 536 808
549 685 1037 
1 390 225 754
730 1323 469 
1 337 462 742
867 1393 409 
1 369 403 830
36 1269 1561 
1 729 173 829
1368 1212 1031 
1 237 393 515
438 151 736 
1 358 753 923
1414 121 668 
1 483 252 644
543 145 1682 
1 789 371 895
1086 1206 829 
1 249 784 792
1475 848 1491 
1 185 207 372
66 343 152 
1 549 349 943
1745 1248 1768 
1 292 229 889
1166 1129 1677 
1 632 500 886
1622 283 911 
1 524 154 861
1578 1182 1280 
1 771 375 854
255 770 938 
1 385 307 920
721 1585 492 
1 376 88 797
1603 590 24 
1 599 692 853
164 292 65 
1 724 377 741
1052 1672 1392 
1 277 410 741
570 769 1358 
1 296 490 904
404 937 1696 
1 322 378 519
1281 76 1404 
1 607 100 849
1518 996 1081 
1 223 389 573
1065 1073 311 
1 210 843 920
612 492 47 
1 305 766 795
364 673 1438 
1 20 582 739
1486 246 1006 
1 236 653 720
1570 1351 1286 
1 497 473 732
757 1229 885 
1 469 378 831
720 142 1564 
1 647 794 922
485 1103 1211 
1 559 46 730
1367 240 600 
1 290 384 711
744 235 1333 
1 378 469 564
716 915 936 
1 307 385 537
702 387 175 
1 265 328 843
613 478 612 
1 554 606 916
814 15 1520 
1 367 415 914
777 900 621 
1 264 312 842
1464 1580 1584 
1 211 561 655
388 511 275 
1 97 304 388
1375 498 1226 
1 597 569 958
803 179 802 
1 428 529 891
987 1640 1118 
1 189 225 390
348 687 731 
1 253 189 390
1334 730 1576 
1 391 25 547
589 -5 134 
1 150 768 919
1241 1726 566 
1 267 148 616
1152 740 -4 
1 138 266 533
1702 562 181 
1 370 237 515
808 691 962 
1 438 393 448
1028 6 1143 
1 394 43 710
122 381 267 
1 21 545 924
1017 1736 11 
1 148 392 616
1279 1776 734 
1 322 624 921
1167 95 1281 
1 105 724 765
877 1053 551 
1 583 847 855
1592 248 651 
1 384 290 805
719 1516 141 
1 218 288 664
1531 372 1244 
1 99 318 398
1307 401 1228 
1 312 779 906
1464 171 1589 
1 840 841 871
762 222 -3 
1 709 98 863
1008 856 1267 
1 396 378 921
142 1281 1730 
1 270 401 655
389 275 501 
1 722 280 883
38 455 30 
1 425 456 687
168 854 195 
1 61 417 676
963 494 52 
1 261 678 730
599 605 1352 
1 728 559 877
1367 869 1194 
1 473 497 562
715 132 1051 
1 714 264 928
1465 1537 1124 
1 405 609 690
1197 1509 40 
1 534 578 957
577 534 578 
1 906 773 936
178 1755 1701 
1 840 133 841
-3 148 748 
1 67 319 465
596 639 1188 
1 108 114 407
193 301 487 
1 600 719 784
849 227 1348 
1 291 744 939
1694 -4 1346 
1 770 286 942
1758 1765 1090 
1 326 345 715
1483 609 553 
1 410 563 741
1604 1392 706 
1 375 527 854
983 1669 701 
1 72 121 431
219 611 437 
1 119 366 933
1756 1750 451 
1 786 26 903
1397 1695 530 
1 372 187 792
506 430 505 
1 433 434 774
811 133 207 
1 391 414 522
1455 555 589 
1 415 367 536
724 685 75 
1 320 333 415
233 78 75 
1 217 222 416
110 780 1439 
1 222 215 416
1627 1117 779 
1 131 417 641
16 963 436 
1 326 526 736
553 671 1382 
1 424 558 646
1043 361 1074 
1 546 347 798
257 512 412 
1 231 452 618
846 615 622 
1 419 618 743
1158 615 1396 
1 181 339 443
200 417 624 
1 644 580 834
145 1621 1193 
1 236 56 781
1286 27 433 
1 548 282 628
1007 1174 1022 
1 487 422 558
525 361 475 
1 78 294 793
548 579 188 
1 257 423 530
1003 273 1643 
1 23 703 960
1326 669 457 
1 23 256 646
457 1074 1042 
1 466 661 872
1011 895 896 
1 134 10 848
654 1126 1594 
1 272 233 673
344 1261 100 
1 437 642 799
1121 819 1202 
1 357 208 520
666 400 665 
1 295 161 857
628 316 377 
1 428 597 958
1118 728 1793 
1 389 569 597
1065 728 396 
1 420 443 852
624 1600 1253 
1 327 109 756
832 833 328 
1 165 250 430
667 610 678 
1 165 659 823
1740 337 667 
1 237 370 659
736 337 1234 
1 125 663 924
406 11 274 
1 91 92 825
1434 1551 591 
1 433 146 434
1725 620 775 
1 663 150 667
565 566 37 
1 115 882 941
1657 1134 441 
1 606 554 956
723 1789 974 
1 755 355 867
1418 1389 1237 
1 7 731 757
-5 194 1275 
1 41 496 876
926 1264 1646 
1 556 759 874
1683 -5 163 
1 642 2 799
-5 -4 799 
1 600 59 783
1348 338 849 
1 610 453 719
472 227 1349 
1 232 224 798
1565 1502 512 
1 472 227 912
208 1711 1511 
1 242 864 870
1624 434 1636 
1 106 834 869
1193 270 1635 
1 284 498 538
1496 931 528 
1 568 29 748
1063 857 602 
1 55 371 846
1206 190 319 
1 106 789 895
1635 694 625 
1 22 182 761
123 1428 831 
1 581 22 761
1178 830 834 
1 109 327 816
805 1533 196 
1 109 444 756
875 304 805 
1 226 581 761
1480 831 285 
1 258 122 767
1098 1440 113 
1 398 102 446
401 -6 144 
1 147 498 795
394 1496 517 
1 192 365 958
522 682 179 
1 610 245 689
173 471 472 
1 244 245 448
81 173 42 
1 44 313 449
927 842 660 
1 313 69 449
483 74 841 
1 567 407 908
293 1579 172 
1 424 256 960
1074 457 376 
1 850 274 868
1598 1633 1186 
1 231 225 452
1323 847 785 
1 225 311 452
101 249 846 
1 784 551 792
167 505 695 
1 719 600 783
765 820 1122 
1 344 379 591
1072 640 507 
1 12 287 454
385 245 1777 
1 879 466 946
855 212 1240 
1 355 649 872
653 1639 895 
1 456 306 687
994 1285 753 
1 489 466 879
91 852 94 
1 98 170 863
670 49 749 
1 29 624 748
289 1167 827 
1 427 800 857
1506 377 268 
1 368 706 754
1324 469 627 
1 13 46 878
1113 1444 861 
1 636 13 878
641 860 868 
1 382 330 738
371 1385 1083 
1 562 492 780
132 264 886 
1 439 822 937
1545 330 1512 
1 655 585 733
511 1225 1376 
1 161 337 621
628 409 347 
1 337 208 462
261 666 688 
1 459 636 878
352 861 278 
1 559 721 877
600 1647 756 
1 331 188 566
55 346 1059 
1 67 635 691
1188 310 284 
1 364 450 908
206 280 1705 
1 351 195 613
1541 661 1149 
1 467 718 905
90 323 211 
1 444 109 723
833 196 1357 
1 279 482 905
-4 519 1277 
1 724 105 911
742 1710 204 
1 384 532 725
141 935 1361 
1 657 144 831
1373 1230 18 
1 910 572 943
308 423 1248 
1 560 471 712
1612 574 513 
1 537 257 612
1003 1644 1147 
1 750 836 912
567 1511 419 
1 885 175 915
287 156 1632 
1 382 497 732
1083 715 1374 
1 601 562 780
1051 863 929 
1 132 669 852
1254 416 1601 
1 553 397 847
1033 982 138 
1 52 475 506
516 1607 410 
1 700 476 865
458 1077 1057 
1 476 357 542
458 390 1139 
1 400 498 540
931 394 252 
1 135 170 477
312 670 353 
1 824 364 955
206 205 1262 
1 661 355 872
1389 853 796 
1 662 466 872
212 796 1238 
1 480 139 579
402 199 258 
1 95 492 738
918 149 53 
1 45 15 577
1079 -5 965 
1 415 778 914
26 1521 724 
1 495 49 645
429 541 1208 
1 336 82 611
435 1670 964 
1 234 587 611
1100 468 1145 
1 676 526 715
494 553 981 
1 321 835 922
1572 1211 1571 
1 82 505 961
435 1676 1067 
1 516 101 587
1201 1508 1100 
1 656 630 698
632 231 1131 
1 508 224 832
1502 1565 98 
1 535 73 605
647 999 633 
1 488 632 886
1619 699 1665 
1 596 107 927
1115 1741 1316 
1 662 613 946
1238 661 212 
1 686 541 867
662 1237 1631 
1 564 469 643
720 1564 474 
1 45 177 576
1779 637 1079 
1 804 77 858
1513 1046 1498 
1 95 404 492
1538 919 898 
1 404 460 492
1743 264 918 
1 664 493 817
372 1535 1315 
1 142 787 817
1362 253 1536 
1 177 30 494
1463 923 637 
1 30 354 494
67 120 922 
1 686 740 851
1631 9 1283 
1 178 479 598
1148 357 218 
1 41 313 496
111 927 817 
1 313 44 496
841 60 926 
1 648 220 732
1214 1213 405 
1 83 601 780
1050 886 1466 
1 477 98 540
670 1008 1009 
1 498 400 538
892 933 826 
1 434 115 811
1657 521 133 
1 538 400 709
931 252 1330 
1 677 170 769
49 312 601 
1 532 521 725
992 1108 878 
1 63 378 564
76 720 1054 
1 490 592 904
-3 1204 707 
1 553 771 854
138 701 1448 
1 748 519 772
1404 559 968 
1 690 802 821
1595 1482 959 
1 405 504 589
40 1291 333 
1 292 570 929
1799 943 1166 
1 929 570 951
942 1024 650 
1 305 855 899
1606 248 1287 
1 447 705 795
1796 517 673 
1 129 255 507
1219 50 947 
1 283 129 507
1171 946 623 
1 770 535 832
647 633 532 
1 439 119 665
1512 215 1246 
1 584 668 960
1176 1797 669 
1 422 193 646
1175 1209 361 
1 83 34 510
1466 247 14 
1 90 511 625
189 635 1111 
1 615 737 775
342 1383 1342 
1 65 518 633
967 966 1185 
1 60 271 952
504 10 17 
1 307 140 513
175 260 958 
1 350 307 513
1585 957 477 
1 788 690 821
379 940 334 
1 409 381 514
644 39 244 
1 753 408 925
542 1123 1738 
1 358 370 515
668 736 1414 
1 417 61 641
754 1350 781 
1 483 336 611
1681 902 543 
1 481 45 577
1780 899 1423 
1 518 166 633
581 306 955 
1 518 65 804
955 582 1498 
1 300 748 772
34 939 1451 
1 441 538 568
153 1005 602 
1 31 668 918
82 1176 1724 
1 208 295 800
261 377 400 
1 881 805 888
539 1449 1436 
1 179 725 904
1360 1108 1204 
1 298 606 956
266 814 657 
1 572 679 947
308 -6 1070 
1 697 403 767
1306 36 286 
1 480 838 927
1577 1316 402 
1 488 693 861
1665 1280 1619 
1 557 406 745
491 1748 1399 
1 360 173 736
1172 77 1319 
1 297 676 715
1266 904 1341 
1 847 397 899
888 1688 248 
1 375 118 527
1092 370 770 
1 613 617 762
1239 1155 1431 
1 346 240 602
571 1127 645 
1 361 216 529
1056 25 987 
1 428 361 529
1793 986 729 
1 86 151 785
1 1476 314 
1 196 560 875
1047 513 537 
1 203 931 934
1452 -6 1398 
1 779 714 917
1465 594 171 
1 521 532 564
935 540 474 
1 521 643 904
474 1697 1108 
1 306 456 680
854 572 1405 
1 392 716 935
496 466 1010 
1 100 287 849
245 1596 709 
1 209 539 957
444 1792 557 
1 444 68 938
1357 428 634 
1 73 209 605
1089 1132 910 
1 172 171 536
1304 1001 1069 
1 171 320 536
415 75 1000 
1 16 423 537
1199 1003 387 
1 423 257 537
793 882 1002 
1 677 500 863
283 1622 49 
1 538 75 568
1330 1062 969 
1 73 20 739
1447 713 1089 
1 282 548 957
790 557 534 
1 540 98 709
930 749 252 
1 223 477 540
311 930 102 
1 884 392 935
561 995 1343 
1 661 466 867
796 91 1389 
1 359 520 859
665 1093 1615 
1 247 574 945
1210 180 1687 
1 442 42 543
1590 -6 460 
1 324 206 544
1371 608 1016 
1 383 324 544
1732 1015 642 
1 21 303 545
1250 1018 739 
1 303 40 545
1295 226 1017 
1 411 897 933
1685 126 1684 
1 509 418 798
1104 646 1503 
1 853 376 909
1603 1296 1706 
1 299 548 628
1133 790 395 
1 299 422 605
395 525 1133 
1 570 623 951
1784 -6 943 
1 167 373 549
1555 481 1768 
1 550 681 860
638 1274 298 
1 262 108 550
193 486 298 
1 393 438 719
737 1349 1142 
1 453 254 784
452 167 227 
1 721 678 830
605 599 114 
1 729 829 835
690 1559 103 
1 380 128 553
1728 1033 58 
1 128 397 553
1688 888 1032 
1 414 774 811
1455 133 1526 
1 332 74 650
1336 1790 217 
1 239 555 571
1037 19 549 
1 555 239 808
1036 686 184 
1 556 764 896
1435 51 1683 
1 93 92 556
1551 1435 165 
1 3 387 745
-3 1581 583 
1 841 34 842
148 1582 584 
1 247 23 646
1687 795 1210 
1 424 509 558
1105 476 783 
1 717 191 877
1344 131 1648 
1 726 638 727
1299 484 350 
1 77 796 858
1499 79 917 
1 196 276 560
359 470 989 
1 125 43 561
381 61 1049 
1 157 125 561
406 1048 29 
1 601 83 747
929 14 1125 
1 473 562 601
757 886 203 
1 701 377 724
1769 705 1359 
1 724 563 765
1392 1605 742 
1 228 63 564
44 936 1055 
1 501 228 564
1655 1054 540 
1 216 361 608
986 393 1076 
1 222 700 865
1394 890 1627 
1 55 442 895
319 1085 1206 
1 35 331 566
1169 870 1485 
1 8 567 839
680 172 1061 
1 96 8 839
116 1060 -3 
1 75 158 568
1329 1063 1005 
1 158 29 568
230 827 1062 
1 223 192 569
102 179 1065 
1 389 223 569
710 1064 803 
1 543 953 961
-6 607 1676 
1 892 82 961
1670 906 1800 
1 634 302 812
1161 315 1597 
1 172 536 571
1000 549 86 
1 699 572 947
422 975 1097 
1 156 586 699
220 422 1310 
1 379 344 573
850 1378 1073 
1 389 379 573
396 1072 710 
1 256 424 646
844 783 795 
1 529 898 949
355 1674 1640 
1 575 216 608
1771 1056 7 
1 476 608 865
1139 393 890 
1 14 15 576
-5 1079 45 
1 15 45 576
899 916 1078 
1 199 808 914
1217 621 1716 
1 614 607 849
1136 709 378 
1 12 282 578
524 534 385 
1 497 382 738
885 862 149 
1 84 288 818
96 1339 177 
1 442 336 895
544 1681 1058 
1 566 371 789
392 694 1485 
1 132 631 761
1601 285 1181 
1 339 226 631
482 285 417 
1 209 73 739
999 1006 444 
1 20 770 942
1447 767 1486 
1 57 118 583
1450 1092 420 
1 118 375 583
983 1592 1091 
1 520 205 859
296 128 1012 
1 703 197 859
1325 1614 1318 
1 244 275 733
42 456 1225 
1 165 363 926
678 684 1740 
1 81 699 947
1309 1070 1775 
1 122 258 666
835 479 64 
1 236 421 862
433 239 1570 
1 234 516 587
1173 907 903 
1 174 440 652
161 447 1221 
1 639 849 954
378 488 1786 
1 794 552 922
124 1110 717 
1 418 509 590
1020 1105 41 
1 509 424 590
1043 376 1104 
1 27 454 591
1317 1107 640 
1 454 100 591
245 1517 1106 
1 725 521 904
935 993 973 
1 593 827 829
1556 1247 1494 
1 552 261 922
1353 1731 1103 
1 341 90 625
448 953 1456 
1 625 24 809
1484 320 1456 
1 46 13 595
860 641 1114 
1 104 46 595
240 1113 185 
1 79 107 596
1481 912 1116 
1 183 79 596
1459 1115 1300 
1 416 215 959
780 1321 137 
1 597 428 891
802 729 558 
1 816 598 820
1534 357 35 
1 121 49 598
117 429 1534 
1 642 437 874
799 1642 -5 
1 141 719 783
1142 849 1473 
1 408 786 925
1479 324 961 
1 531 714 928
594 758 490 
1 123 601 747
203 1050 1402 
1 10 762 848
1431 1156 797 
1 240 297 602
554 1341 985 
1 627 173 760
1212 1172 182 
1 229 373 889
481 104 698 
1 656 71 880
1231 1653 632 
1 99 656 698
1228 908 1307 
1 209 548 605
557 1133 999 
1 548 299 605
1022 1023 1132 
1 882 362 941
288 445 813 
1 713 811 956
1526 521 1525 
1 607 614 806
1081 136 1518 
1 263 636 806
1191 269 136 
1 361 565 865
1794 382 393 
1 476 542 608
891 7 1077 
1 326 704 788
1382 1292 1483 
1 273 614 670
1151 146 384 
1 141 393 719
151 1028 1122 
1 438 448 610
737 173 1349 
1 485 611 892
1145 1670 626 
1 485 234 611
1671 903 1144 
1 198 140 901
260 397 363 
1 212 537 612
427 882 1692 
1 479 178 946
925 1240 1774 
1 10 351 613
654 873 1431 
1 734 344 806
1378 507 269 
1 273 595 614
508 606 1141 
1 148 267 615
734 1153 1342 
1 267 6 615
-4 106 1152 
1 541 622 683
662 1165 83 
1 617 456 762
1638 168 984 
1 762 425 848
168 1587 1126 
1 171 18 618
1303 414 1158 
1 419 171 618
415 1157 786 
1 137 214 619
1163 1160 408 
1 214 217 619
1164 681 1159 
1 427 302 634
268 1068 362 
1 143 18 696
414 1303 563 
1 214 137 940
1159 1761 1575 
1 217 214 742
1160 1311 110 
1 622 395 683
-4 1662 1154 
1 229 292 929
698 942 1746 
1 624 322 748
741 1404 857 
1 39 32 921
1259 1729 63 
1 331 35 869
1059 1634 1569 
1 421 781 907
433 1522 465 
1 129 283 887
947 1667 493 
1 173 360 760
980 1426 1128 
1 516 234 760
1100 169 1427 
1 628 282 873
790 524 533 
1 193 422 628
951 395 533 
1 668 584 918
950 3 970 
1 268 777 868
1460 1186 497 
1 22 581 880
831 1480 43 
1 398 111 656
1232 536 1228 
1 259 429 852
97 5 416 
1 230 132 761
424 1087 1429 
1 154 39 861
1260 290 700 
1 856 638 886
1609 139 489 
1 276 164 952
450 1782 1617 
1 271 65 633
630 955 10 
1 777 850 868
442 845 1177 
1 629 620 777
550 442 72 
1 67 465 635
763 1189 871 
1 465 8 635
680 116 1188 
1 127 769 878
1445 278 1650 
1 263 595 636
606 641 1137 
1 695 637 834
495 1205 1620 
1 106 644 834
625 788 825 
1 727 728 877
1365 756 1488 
1 183 694 726
1300 1299 425 
1 484 345 821
609 334 1544 
1 609 405 670
759 1256 1785 
1 149 423 640
1493 1199 663 
1 423 16 640
1002 386 1198 
1 402 56 720
27 1286 672 
1 101 516 641
907 436 467 
1 426 437 799
291 799 1504 
1 396 204 831
1730 18 142 
1 592 179 904
-3 973 937 
1 637 24 834
320 270 1192 
1 371 55 895
828 1058 694 
1 201 178 645
1651 1208 1698 
1 178 495 645
218 901 1207 
1 193 574 646
1641 1210 951 
1 574 247 646
1013 1042 1209 
1 835 647 922
1559 717 905 
1 173 627 829
1128 1494 690 
1 220 144 732
262 1373 928 
1 220 648 685
928 1224 108 
1 355 186 680
1418 1272 653 
1 402 749 781
443 93 27 
1 808 199 916
1080 1719 365 
1 5 194 650
356 129 658 
1 255 129 955
946 1262 1787 
1 341 251 864
341 434 448 
1 174 652 894
1101 271 92 
1 580 252 862
145 1302 1621 
1 801 653 862
54 1570 1302 
1 648 123 685
405 1282 1214 
1 585 244 733
380 1095 865 
1 97 388 655
727 501 1376 
1 181 486 698
-6 1308 200 
1 99 398 656
746 1179 1131 
1 473 123 732
203 405 715 
1 144 202 831
552 1563 879 
1 71 656 664
1130 536 1315 
1 111 398 658
1179 265 1243 
1 671 833 926
80 568 684 
1 70 237 659
438 808 1739 
1 269 64 752
1407 499 1412 
1 246 803 912
464 419 174 
1 541 755 867
83 815 914 
1 613 662 872
913 896 1239 
1 617 613 872
984 1238 1638 
1 178 879 946
1651 852 1148 
1 150 157 768
565 321 733 
1 221 710 924
1332 274 1331 
1 111 658 664
1232 1244 536 
1 658 218 664
1700 745 1243 
1 418 110 665
1432 1246 646 
1 110 439 665
1545 949 1245 
1 827 826 829
318 1560 1109 
1 349 910 943
1707 880 697 
1 88 303 667
1602 1250 446 
1 303 21 667
1017 37 1249 
1 629 451 918
72 1723 12 
1 31 660 893
85 1678 82 
1 474 420 852
-6 804 5 
1 669 132 697
887 424 286 
1 534 309 954
578 354 488 
1 405 544 670
643 608 1197 
1 735 85 926
1380 1567 568 
1 363 366 671
1750 216 684 
1 32 39 672
1168 1260 616 
1 39 154 672
1182 282 1259 
1 233 426 673
431 209 798 
1 129 824 955
1550 894 1219 
1 149 356 793
663 547 1493 
1 496 866 876
4 1616 817 
1 484 381 715
39 1340 609 
1 676 297 708
981 554 250 
1 75 709 863
1330 749 1329 
1 135 308 769
575 143 312 
1 403 791 830
1489 114 689 
1 445 717 791
1345 1648 1489 
1 666 248 943
1553 1767 649 
1 186 533 680
1754 1273 1215 
1 533 301 680
562 1406 1272 
1 681 338 860
1422 1629 1026 
1 37 7 757
8 816 154 
1 54 851 913
-4 9 1390 
1 348 279 905
-4 876 323 
1 683 62 755
1661 1417 83 
1 392 148 775
740 1342 496 
1 693 524 861
259 700 978 
1 378 322 921
708 741 750 
1 123 136 685
1402 -3 1224 
1 435 686 851
369 924 -4 
1 682 482 913
519 1390 1714 
1 687 306 749
854 1405 443 
1 56 236 720
789 714 1200 
1 281 305 899
523 944 1591 
1 128 350 688
1727 477 1689 
1 221 185 689
66 1290 1332 
1 185 254 689
461 452 1289 
1 589 504 704
941 1292 1320 
1 704 504 788
1291 379 1140 
1 50 169 691
-5 1294 59 
1 169 36 691
84 284 1293 
1 40 303 853
1018 1602 292 
1 376 315 909
24 62 1021 
1 684 457 861
374 1618 290 
1 84 139 927
177 402 336 
1 694 638 726
139 1045 1195 
1 183 596 694
1116 192 1195 
1 594 809 907
1523 1468 1703 
1 252 801 862
1507 1223 1222 
1 18 171 696
1157 1304 1162 
1 171 172 696
1000 564 1303 
1 230 445 697
1429 1306 424 
1 445 403 697
1489 976 1305 
1 318 99 698
746 1131 1308 
1 486 318 698
-6 1307 1227 
1 81 523 699
480 1310 1097 
1 523 156 699
1441 1071 1309 
1 214 323 742
1575 383 1164 
1 462 357 700
666 458 1393 
1 168 701 813
159 349 -3 
1 468 190 911
-3 187 1529 
1 71 664 817
1231 920 1653 
1 838 596 927
335 912 977 
1 454 27 949
1106 674 1777 
1 584 703 859
669 1094 3 
1 131 360 736
1426 980 16 
1 94 589 704
1369 1291 1381 
1 215 865 959
1627 382 1117 
1 192 147 705
411 517 522 
1 225 231 754
846 1415 687 
1 368 621 706
347 88 859 
1 197 703 707
1094 1326 398 
1 703 23 707
794 576 1325 
1 240 687 708
571 1328 554 
1 687 402 708
443 672 1327 
1 158 75 863
1062 1267 1623 
1 75 538 709
1005 933 1267 
1 116 221 924
407 1242 1735 
1 221 689 710
1289 267 1242 
1 11 290 711
1516 719 421 
1 189 253 712
731 1335 574 
1 253 289 712
391 514 1334 
1 74 332 713
1035 1337 1525 
1 332 499 713
-5 210 1336 
1 531 218 917
147 1700 594 
1 288 814 818
1531 373 1084 
1 381 602 715
644 1341 1265 
1 602 297 715
1127 981 1340 
1 148 615 775
1152 954 1279 
1 683 884 935
299 1010 1661 
1 182 191 717
140 1044 1345 
1 445 182 717
1428 1344 1270 
1 33 291 939
1558 766 648 
1 184 370 923
1419 668 403 
1 59 600 784
820 765 1475 
1 438 610 719
1143 821 1028 
1 641 61 720
963 52 1351 
1 653 641 720
54 1350 714 
1 324 261 730
1731 755 1371 
1 261 552 830
1110 1562 599 
1 472 48 915
1574 1632 208 
1 353 606 941
556 266 1764 
1 351 9 790
358 1766 1487 
1 68 444 723
998 875 243 
1 210 277 741
47 706 228 
1 113 701 724
349 1052 204 
1 179 502 725
-3 1361 973 
1 502 384 725
235 878 1360 
1 142 107 787
1741 1481 921 
1 79 776 900
1459 1691 351 
1 727 374 776
1488 1691 350 
1 727 463 728
484 186 1194 
1 152 46 728
1444 1367 186 
1 46 559 728
718 756 1366 
1 94 173 729
77 690 1369 
1 589 94 729
1320 1368 103 
1 104 206 730
185 1371 240 
1 206 324 730
1015 1352 1370 
1 675 436 757
503 1421 194 
1 144 657 732
879 1374 1213 
1 657 382 732
371 885 1373 
1 304 97 833
727 683 1568 
1 97 655 733
1226 865 683 
1 308 573 734
575 1378 279 
1 573 344 734
1072 1150 1377 
1 275 448 735
42 1380 454 
1 448 85 735
6 1257 1379 
1 94 704 736
1320 1382 77 
1 704 326 736
1140 782 1381 
1 775 737 809
954 160 1523 
1 138 716 775
466 496 1457 
1 330 672 738
170 1386 862 
1 672 293 738
617 375 1385 
1 514 58 739
1543 1388 244 
1 58 539 739
1792 444 1387 
1 355 661 867
895 1011 815 
1 482 54 913
-4 1276 1284 
1 314 890 944
1673 527 526 
1 563 724 741
1053 705 769 
1 462 700 742
1312 1394 688 
1 700 222 742
1057 110 1393 
1 329 333 743
597 1396 68 
1 333 419 743
233 786 1395 
1 783 26 786
338 773 1479 
1 406 203 934
491 990 1748 
1 126 557 745
1470 979 1637 
1 334 626 746
-3 1401 254 
1 626 314 746
588 526 1400 
1 136 123 747
1282 1125 -3 
1 503 118 772
370 1450 214 
1 322 519 748
708 939 1167 
1 306 680 749
994 1406 1285 
1 680 301 749
1273 93 1405 
1 64 269 836
1235 1573 567 
1 64 750 763
567 198 1433 
1 790 286 938
1765 1758 428 
1 751 232 897
118 677 300 
1 620 634 850
362 1597 442 
1 268 269 752
497 1235 1460 
1 117 72 923
219 403 1734 
1 358 515 753
962 542 692 
1 231 458 754
622 1416 1323 
1 458 89 754
1610 158 1415 
1 62 186 755
1753 1418 1278 
1 186 355 755
1215 815 1417 
1 370 184 823
1347 463 337 
1 411 430 756
1684 610 304 
1 436 338 757
89 1422 1372 
1 338 681 757
1274 20 1421 
1 481 577 758
965 1424 1462 
1 577 517 758
-5 366 1423 
1 40 692 764
292 51 157 
1 360 131 760
1319 1427 1172 
1 131 516 760
436 1173 1426 
1 182 445 761
1345 1429 830 
1 445 230 761
1305 1181 1428 
1 602 528 848
33 1593 645 
1 10 613 762
1149 984 1126 
1 110 418 893
1245 41 1679 
1 660 64 763
499 1408 1678 
1 92 91 764
810 157 1435 
1 556 92 764
1039 1434 1038 
1 503 881 888
1656 972 213 
1 501 532 881
540 539 1655 
1 506 305 795
1606 712 1497 
1 217 416 819
779 399 681 
1 122 156 767
64 1441 835 
1 156 523 767
1310 221 1440 
1 401 241 883
520 30 675 
1 76 797 919
1501 590 1500 
1 46 152 878
1366 1649 860 
1 769 127 856
1190 1608 601 
1 134 844 942
1594 31 238 
1 20 73 770
1006 647 1090 
1 410 553 854
570 938 1604 
1 805 80 888
1515 232 972 
1 118 57 772
1091 1451 1403 
1 57 300 772
560 968 1450 
1 931 203 936
990 1701 -6 
1 773 399 845
1722 32 1755 
1 391 76 774
1501 207 1455 
1 414 391 774
776 1454 1034 
1 341 625 809
1111 1112 160 
1 594 138 775
1703 1384 1523 
1 22 604 900
43 150 123 
1 79 183 776
1116 425 1363 
1 268 752 777
1412 1461 1177 
1 752 451 777
1723 72 1460 
1 481 758 950
1423 326 1780 
1 30 177 950
922 1779 313 
1 312 264 779
725 1465 747 
1 264 714 779
758 991 1464 
1 34 83 780
952 929 1467 
1 145 34 780
1582 1466 1471 
1 809 637 907
320 495 1301 
1 301 266 781
562 1522 93 
1 557 126 842
1399 584 1580 
1 145 780 782
1467 183 1583 
1 408 515 783
542 1473 1479 
1 515 141 783
151 1122 1472 
1 187 272 815
506 593 430 
1 249 59 784
340 1348 695 
1 151 243 785
13 1477 988 
1 243 164 785
1782 450 1476 
1 59 285 903
368 -4 1695 
1 408 783 786
1472 1397 1123 
1 581 226 880
834 631 1178 
1 107 79 787
1115 351 1362 
1 802 309 821
354 1510 940 
1 345 326 788
768 1140 334 
1 24 625 869
1112 635 270 
1 35 566 789
1059 1086 1634 
1 582 20 942
713 1090 31 
1 163 351 790
1542 1356 303 
1 374 727 877
1364 1194 131 
1 403 445 791
1306 1270 1269 
1 219 413 792
-4 1491 1532 
1 413 249 792
340 695 1490 
1 86 423 793
273 1493 1 
1 423 149 793
1198 1263 1492 
1 627 593 829
182 1109 1212 
1 66 258 794
479 124 317 
1 498 284 795
826 1497 837 
1 284 506 795
410 1438 1496 
1 518 804 858
967 917 581 
1 77 329 796
236 68 1046 
1 433 76 919
207 1443 1725 
1 76 391 797
1454 331 1443 
1 224 508 798
909 1503 822 
1 508 509 798
476 1020 1502 
1 200 426 799
209 1202 -4 
1 143 302 857
563 268 1611 
1 427 620 800
362 550 858 
1 252 587 801
468 1508 1302 
1 587 101 801
907 467 1507 
1 690 609 954
759 1785 1595 
1 309 58 821
1791 1543 1482 
1 836 472 912
1574 823 883 
1 119 439 937
949 864 1756 
1 354 77 804
236 917 1514 
1 491 354 804
120 1513 582 
1 11 80 805
1709 1449 1516 
1 290 11 805
1333 1515 744 
1 591 100 806
1107 1518 507 
1 100 607 806
709 1136 1517 
1 242 807 932
1636 -4 1680 
1 650 554 916
1789 723 658 
1 778 758 914
326 135 900 
1 781 266 907
1469 1702 1170 
1 594 775 809
1457 1383 1301 
1 1 50 810
-5 59 -3 
1 74 713 956
1336 1135 1790 
1 713 414 811
555 1034 1135 
1 51 274 812
510 1598 1528 
1 571 51 812
19 1527 86 
1 11 468 911
421 1314 1709 
1 95 579 818
53 199 1538 
1 288 218 814
745 147 1339 
1 219 792 815
1490 430 -4 
1 327 121 816
611 1534 832 
1 121 598 816
1120 1119 1533 
1 493 702 817
535 1536 920 
1 702 142 817
1742 921 1535 
1 264 782 928
1584 1744 758 
1 404 95 818
918 1530 545 
1 281 278 819
1591 1540 523 
1 278 619 819
656 681 1539 
1 195 351 820
873 1542 1773 
1 351 163 820
1487 327 1541 
1 58 514 821
1387 1544 1510 
1 514 484 821
39 1196 1543 
1 439 110 822
1246 1546 864 
1 110 763 822
1679 198 1545 
1 431 756 823
328 1548 437 
1 756 250 823
610 667 1547 
1 78 674 955
188 1788 281 
1 129 651 824
493 277 1262 
1 92 93 825
1039 1552 810 
1 93 124 825
224 71 1551 
1 248 666 826
1271 1554 318 
1 666 66 826
479 317 1553 
1 373 167 827
1025 241 1556 
1 593 373 827
104 1555 1109 
1 176 291 828
1737 1558 1733 
1 291 33 828
1346 251 1557 
1 829 647 835
1560 1211 1031 
1 826 647 829
485 1559 1247 
1 258 369 830
113 689 1562 
1 552 258 830
124 1561 1353 
1 202 643 831
1697 1564 1230 
1 643 469 831
915 716 1563 
1 224 232 832
822 1566 909 
1 232 340 832
127 532 1565 
1 85 70 926
453 1739 1257 
1 461 304 833
125 1375 80 
1 511 331 869
619 1169 635 
1 653 236 862
714 1099 1223 
1 383 321 922
642 905 1732 
1 321 589 835
333 103 905 
1 269 48 836
500 1574 1407 
1 48 472 836
1354 1511 1573 
1 323 214 940
1311 1163 655 
1 253 390 837
731 604 22 
1 480 154 838
282 1578 977 
1 154 524 838
700 259 1577 
1 407 160 908
301 1704 843 
1 312 557 842
229 1470 725 
1 745 387 871
1040 -3 1637 
1 34 145 842
1467 1583 1041 
1 145 782 842
1471 1584 1582 
1 782 264 842
1537 725 1583 
1 307 350 920
958 1727 702 
1 16 385 843
387 492 386 
1 425 346 848
195 645 1156 
1 528 409 844
33 531 1593 
1 203 312 906
229 747 1701 
1 42 442 846
1014 319 -6 
1 278 281 899
1539 1287 569 
1 583 375 847
1092 255 743 
1 528 844 848
1588 1594 1430 
1 844 134 848
1446 797 1593 
1 802 690 954
940 1509 354 
1 287 578 849
385 577 996 
1 634 812 850
1068 1598 1411 
1 812 274 850
1527 845 1597 
1 489 455 913
94 1713 56 
1 443 631 852
417 1601 804 
1 631 132 852
1087 887 1600 
1 303 88 853
1249 1603 1295 
1 88 376 853
703 1021 1602 
1 563 410 854
769 1448 1605 
1 765 563 854
1053 1604 1668 
1 305 506 855
1438 1607 944 
1 506 475 855
889 651 1606 
1 127 463 856
1650 1609 1445 
1 463 638 856
484 1183 1608 
1 89 458 857
1416 1611 316 
1 458 143 857
426 1505 1610 
1 471 560 858
881 1613 112 
1 560 166 858
470 581 1612 
1 197 542 859
398 1615 1094 
1 542 359 859
390 1012 1614 
1 866 338 876
1629 89 1264 
1 633 276 952
306 1184 10 
1 457 632 861
546 1619 1297 
1 632 488 861
911 978 1618 
1 695 834 862
1192 1621 239 
1 834 580 862
788 1222 1620 
1 500 632 863
699 1623 1004 
1 632 158 863
230 1329 1622 
1 242 440 864
447 1625 824 
1 440 90 864
189 448 1624 
1 565 958 959
1794 682 382 
1 215 222 865
780 1057 1321 
1 60 860 866
17 1629 504 
1 860 338 866
1274 1616 1628 
1 489 740 867
56 1631 91 
1 740 686 867
924 914 1630 
1 48 885 915
1663 884 1354 
1 274 47 868
509 1664 845 
1 35 789 869
1485 1635 1169 
1 789 106 869
829 825 1634 
1 807 242 870
1519 824 -4 
1 126 745 871
1399 1581 222 
1 456 617 872
1155 1239 1639 
1 649 456 872
572 1638 853 
1 891 529 949
729 1075 674 
1 574 193 873
1209 533 1686 
1 437 159 874
225 163 1121 
1 257 530 875
793 360 1644 
1 612 257 875
882 1643 538 
1 53 260 876
-5 1646 585 
1 260 41 876
111 817 1645 
1 721 791 877
114 1648 869 
1 791 717 877
1270 1044 1647 
1 152 463 878
186 1650 1444 
1 463 127 878
1608 1190 1649 
1 178 201 879
1207 1652 1240 
1 201 455 879
1713 94 1651 
1 71 817 880
1315 1654 1130 
1 817 604 880
253 43 1653 
1 228 501 881
1055 1437 1656 
1 503 228 881
214 1655 1436 
1 115 434 882
932 1658 813 
1 434 280 882
620 38 1657 
1 146 768 883
1726 1660 455 
1 768 180 883
321 418 1659 
1 62 683 935
1278 1343 1753 
1 683 395 948
1165 -4 299 
1 48 868 885
500 1664 1632 
1 868 47 885
1633 676 1663 
1 693 488 886
978 911 1666 
1 694 693 886
192 1665 139 
1 283 314 887
1673 588 1171 
1 765 854 888
1605 1669 551 
1 854 527 888
770 213 1668 
1 611 82 892
902 1067 1144 
1 234 485 889
1145 626 28 
1 741 377 944
705 1769 587 
1 314 283 890
1667 623 1391 
1 898 574 949
180 1686 1075 
1 27 379 891
640 558 674 
1 505 543 961
460 1066 906 
1 292 889 892
698 626 1800 
1 660 763 893
1433 1679 1252 
1 763 110 893
1546 1432 1678 
1 652 242 932
447 1519 271 
1 336 483 895
964 1682 1085 
1 483 644 895
693 625 1681 
1 759 556 896
818 1038 -5 
1 430 411 933
1420 1019 1751 
1 411 444 897
304 300 1019 
1 574 873 949
1641 1778 1674 
1 23 247 945
1042 1013 576 
1 397 128 899
1033 1689 982 
1 128 688 899
1288 569 1688 
1 374 191 900
131 140 1691 
1 776 374 900
1364 1690 1363 
1 212 612 901
1147 1693 397 
1 612 289 901
538 391 1692 
1 744 291 925
766 1737 256 
1 26 59 903
338 1478 773 
1 202 296 904
552 707 1697 
1 643 202 904
1563 1696 993 
1 201 645 905
1207 211 1699 
1 682 201 905
1714 1698 519 
1 218 658 917
1244 1721 1338 
1 203 906 936
1589 761 1452 
1 266 138 907
735 1703 1522 
1 138 594 907
1457 1301 1702 
1 160 153 908
21 1705 1579 
1 153 364 908
205 872 1704 
1 28 853 909
65 1021 -5 
1 349 325 910
1781 1708 1248 
1 325 470 910
-6 459 1707 
1 80 11 911
1515 1529 1710 
1 105 80 911
232 1709 877 
1 227 270 912
389 1712 823 
1 270 388 912
501 174 1711 
1 455 201 913
1652 1714 1599 
1 201 682 913
1699 1284 1713 
1 238 386 914
325 1716 135 
1 386 199 914
1719 1080 1715 
1 362 722 915
288 1718 156 
1 722 241 915
30 322 1717 
1 199 386 916
1716 1720 1217 
1 386 5 916
356 658 1719 
1 658 399 917
265 1722 1700 
1 399 773 917
1453 178 1721 
1 451 752 918
1461 1724 1251 
1 752 31 918
85 970 1723 
1 146 433 919
811 1500 1726 
1 768 146 919
1659 1725 733 
1 350 128 920
1288 1728 1585 
1 128 380 920
1032 573 1727 
1 32 204 921
616 1730 1168 
1 204 396 921
1203 750 1729 
1 261 324 922
1352 1732 1110 
1 324 383 922
1016 1571 1731 
1 176 828 923
1557 1734 121 
1 828 117 923
462 1413 1733 
1 432 116 924
339 1331 1736 
1 545 432 924
166 1735 739 
1 291 176 925
1557 1738 1694 
1 176 753 925
121 961 1737 
1 70 659 926
1234 1740 1567 
1 659 165 926
807 1096 1739 
1 107 142 927
1362 1742 912 
1 142 702 927
1536 336 1741 
1 460 404 928
919 545 1744 
1 782 460 928
183 1743 1537 
1 349 549 929
697 1746 650 
1 549 229 929
481 1166 1745 
1 213 566 930
618 346 -6 
1 745 406 934
979 1398 1752 
1 4 894 932
-6 271 -4 
1 366 363 933
1258 1751 772 
1 363 430 933
678 1684 1750 
1 525 745 934
583 1748 -6 
1 186 62 935
1417 1661 1754 
1 533 186 935
1272 1753 181 
1 773 845 936
1453 -6 761 
1 366 119 937
772 1512 1757 
1 461 366 937
216 1756 125 
1 286 770 938
767 1759 1409 
1 770 340 938
532 127 1758 
1 348 718 939
323 648 -4 
1 137 352 940
408 1762 1163 
1 352 198 940
518 363 1761 
1 175 38 941
287 1764 445 
1 38 353 941
201 1355 1763 
1 286 790 942
1409 1766 767 
1 790 9 942
1356 238 1765 
1 248 167 943
241 1768 1271 
1 167 549 943
1025 697 1767 
1 377 701 944
1052 1770 1672 
1 701 746 944
159 526 1769 
1 216 575 945
1076 1772 25 
1 575 707 945
295 576 1771 
1 195 820 946
1541 1774 661 
1 820 479 946
357 1148 1773 
1 335 81 947
332 1097 -6 
1 616 392 948
740 561 -4 
1 12 454 949
851 1317 1778 
1 873 12 949
524 1777 1686 
1 177 45 950
916 1780 1463 
1 45 481 950
965 1462 1779 
1 325 349 951
1707 650 -6 
1 164 243 952
1477 1783 1184 
1 243 512 952
2 659 1782 
1 623 570 961
1024 1799 607 
1 609 670 954
1197 1786 1509 
1 670 639 954
146 1102 1785 
1 356 255 955
50 1219 1788 
1 674 356 955
547 1787 1549 
1 554 650 956
1520 1790 814 
1 650 74 956
1035 1525 1789 
1 58 309 957
1510 578 1792 
1 539 58 957
1388 1791 997 
1 361 428 958
987 802 1794 
1 565 361 958
1138 1793 1626 
1 365 705 959
522 1796 682 
1 705 447 959
945 137 1795 
1 668 893 960
82 1798 950 
1 893 590 960
41 376 1797 
1 570 292 961
942 1800 1784 
1 292 892 961
1677 1067 1799 
